"","710.G7","330.C4","630.G3","215.A9","330.C6","310.B7","605.F1","730.H5","830.G5","510.3","730.H6","210.A6","515.2","525.2","815.F12","810.H10","505.D10","630.G2","405.C9","830.G6","315.B12","430.D8","510.2","725.H2","810.H12","405.C7","415.D2","625.F12","825.G2","725.H1","715.G11","410.C10","715.G12","215.A8","410.C12","210.A5","710.G9","815.F11","510.1","730.H4","515.3","225.A12","410.C11","805.H9","815.F10","605.F2","830.G4","705.G5","325.C2","630.G1","805.H7","205.A2","825.G1","230.B2","810.H11","725.H3","315.B10","610.F5","205.A3","610.F6","825.G3","415.D1","215.A7","415.D3","210.A4","610.F4","205.A1","310.B9","430.D9","425.D4","525.3","530.1","710.G8","330.C5","225.A11","515.1","405.C8","615.F7","230.B1","705.G6","505.D12","805.H8","430.D7","625.F11","325.C1","605.F3","310.B8","230.B3","305.B5","615.F9","505.D11","705.G4","530.3","625.F10","305.B4","530.2","715.G10","425.D6","305.B6","615.F8","425.D5","315.B11"
"710.G7",0,0.749034749034749,0.826589595375723,0.672823218997362,0.818181818181818,0.7,0.67816091954023,0.891679748822606,0.854922279792746,0.648745519713262,0.876756756756757,0.719512195121951,0.688775510204082,0.587443946188341,0.708333333333333,0.836601307189543,0.760416666666667,0.882264150943396,0.727748691099476,0.838862559241706,0.826923076923077,0.764192139737991,0.64963503649635,0.752411575562701,0.777777777777778,0.622516556291391,0.719626168224299,0.909375,0.841409691629956,0.752577319587629,0.685714285714286,0.718181818181818,0.732620320855615,0.691244239631336,0.668341708542714,0.709844559585492,0.785714285714286,0.720930232558139,0.60352422907489,0.824341279799247,0.633440514469453,0.654320987654321,0.689243027888446,0.85024154589372,0.724137931034483,0.718654434250764,0.822393822393822,0.666666666666667,0.718377088305489,0.861111111111111,0.862928348909657,0.967836919592299,0.746478873239437,0.823008849557522,0.795180722891566,0.730088495575221,0.783783783783784,0.626760563380282,0.971338353169784,0.729490022172949,0.795918367346939,0.628205128205128,0.634408602150538,0.656324582338902,0.767741935483871,0.663956639566396,0.976765799256506,0.701612903225806,0.72027972027972,0.60625,0.80188679245283,0.751091703056769,0.703703703703704,0.809290953545232,0.681917211328976,0.686170212765957,0.797101449275362,0.646112600536193,0.85025641025641,0.710382513661202,0.634615384615385,0.969912905779889,0.784810126582278,0.920430107526882,0.641025641025641,0.728813559322034,0.584507042253521,0.855839416058394,0.617977528089888,0.767955801104972,0.818181818181818,0.720238095238095,0.824212271973466,0.929460580912863,0.663911845730028,0.814084507042254,0.869047619047619,0.627906976744186,0.801169590643275,0.69054441260745,0.67175572519084,0.699300699300699
"330.C4",0.749034749034749,0,0.596759675967597,0.6576,0.605009633911368,0.696113074204947,0.806706114398422,0.796052631578947,0.729149463253509,0.775238095238095,0.735269000853971,0.634146341463415,0.661442006269592,0.778251599147121,0.779026217228464,0.880434782608696,0.885844748858447,0.711012094207511,0.85812356979405,0.695412844036697,0.872246696035242,0.590909090909091,0.769230769230769,0.76036866359447,0.824130879345603,0.751824817518248,0.735905044510386,0.882618510158014,0.890063424947146,0.777777777777778,0.82509505703422,0.832618025751073,0.875288683602771,0.641176470588235,0.838202247191011,0.70253164556962,0.850678733031674,0.684044233807267,0.767441860465116,0.693192713326942,0.759425493716337,0.766871165644172,0.790744466800805,0.881818181818182,0.838264299802761,0.794066317626527,0.644183773216031,0.753333333333333,0.702255639097744,0.653907496012759,0.869488536155203,0.954516198240721,0.811320754716981,0.709565217391304,0.823529411764706,0.787965616045845,0.833333333333333,0.758490566037736,0.963786385514554,0.724533715925395,0.833616298811545,0.716845878136201,0.686084142394822,0.642105263157895,0.71824480369515,0.730081300813008,0.967032967032967,0.801619433198381,0.626666666666667,0.706713780918728,0.877729257641921,0.659090909090909,0.832310838445808,0.62406015037594,0.656737588652482,0.64951768488746,0.867549668874172,0.725363489499192,0.733005733005733,0.787581699346405,0.819383259911894,0.96156394963552,0.569476082004556,0.909863945578231,0.708542713567839,0.7818853974122,0.720754716981132,0.779433681073025,0.687707641196013,0.911007025761124,0.82258064516129,0.77319587628866,0.632508833922262,0.914835164835165,0.67487684729064,0.667364016736402,0.932367149758454,0.671186440677966,0.802371541501976,0.721008403361345,0.826771653543307,0.804511278195489
"630.G3",0.826589595375723,0.596759675967597,0,0.734567901234568,0.574007220216607,0.794085432639649,0.831381733021077,0.67327262988752,0.532734274711168,0.837155963302752,0.645586297760211,0.697695852534562,0.736040609137056,0.870098039215686,0.850170261066969,0.89321468298109,0.921019108280255,0.558915537017727,0.910714285714286,0.578288100208768,0.912609238451935,0.672692673644148,0.831603229527105,0.748148148148148,0.856459330143541,0.832402234636871,0.735553379040157,0.917274939172749,0.882926829268293,0.727659574468085,0.869415807560137,0.867158671586716,0.915384615384615,0.643622200584226,0.898989898989899,0.722165474974464,0.918884664131812,0.773469387755102,0.841463414634146,0.588489208633094,0.814159292035398,0.837320574162679,0.862559241706161,0.912611717974181,0.875878220140515,0.806521739130435,0.487591240875912,0.816261879619852,0.735177865612648,0.517801374141162,0.905908096280088,0.942092651757188,0.856328392246294,0.528390113560454,0.857297297297297,0.768421052631579,0.899386503067485,0.824401368301026,0.954989384288747,0.779693486590038,0.831196581196581,0.814364640883978,0.749222797927461,0.697628458498024,0.683429513602638,0.794178794178794,0.958750255258321,0.871581450653983,0.700587084148728,0.76341730558598,0.91304347826087,0.676498572787821,0.880382775119617,0.547838412473423,0.667300380228137,0.715170278637771,0.9125,0.778467908902691,0.536989795918367,0.791449426485923,0.895131086142322,0.963362068965517,0.598367346938775,0.918581746552856,0.75635593220339,0.831081081081081,0.808437856328392,0.592658377738307,0.780821917808219,0.9328165374677,0.884177869700103,0.827771797631862,0.623745819397993,0.94046511627907,0.744769874476987,0.545663852647736,0.9526938239159,0.784418356456777,0.84629294755877,0.78343949044586,0.84327485380117,0.856655290102389
"215.A9",0.672823218997362,0.6576,0.734567901234568,0,0.724137931034483,0.592505854800937,0.744565217391304,0.859522085445329,0.792910447761194,0.616580310880829,0.833333333333333,0.549248747913189,0.56312625250501,0.642424242424242,0.70126582278481,0.835351089588378,0.79933110367893,0.803072625698324,0.778523489932886,0.789695057833859,0.815873015873016,0.752212389380531,0.63254593175853,0.722908093278464,0.742857142857143,0.667481662591687,0.614953271028037,0.884872824631861,0.808383233532934,0.709724238026125,0.705426356589147,0.718654434250764,0.775510204081633,0.537892791127542,0.751633986928105,0.63894523326572,0.815181518151815,0.57085020242915,0.664670658682635,0.785398230088496,0.636363636363636,0.645714285714286,0.692737430167598,0.838771593090211,0.766304347826087,0.682027649769585,0.769230769230769,0.68763557483731,0.585551330798479,0.763228699551569,0.808411214953271,0.954444935869085,0.718670076726343,0.780415430267062,0.763097949886105,0.685152057245081,0.793313069908815,0.59079283887468,0.964962121212121,0.609318996415771,0.688888888888889,0.68019093078759,0.55741127348643,0.52851711026616,0.672627235213205,0.642857142857143,0.966447517569712,0.707042253521127,0.694029850746269,0.583138173302108,0.793103448275862,0.723893805309734,0.748571428571429,0.762162162162162,0.561837455830389,0.565217391304348,0.802547770700637,0.591666666666667,0.796672828096118,0.695560253699789,0.695238095238095,0.966423357664234,0.680649526387009,0.911282545805207,0.593886462882096,0.711442786069652,0.611253196930946,0.807148794679967,0.606911447084233,0.805555555555556,0.796257796257796,0.720090293453725,0.76056338028169,0.901528013582343,0.54468085106383,0.760097919216646,0.861818181818182,0.583148558758315,0.761290322580645,0.539473684210526,0.653116531165312,0.704834605597964
"330.C6",0.818181818181818,0.605009633911368,0.574007220216607,0.724137931034483,0,0.8,0.854033290653009,0.727982162764771,0.606734006734007,0.812265331664581,0.648442906574395,0.707509881422925,0.756578947368421,0.862718707940781,0.858910891089109,0.907990314769976,0.924157303370786,0.643360433604336,0.89592123769339,0.582111436950147,0.917582417582418,0.699386503067485,0.836272040302267,0.758318739054291,0.876802096985583,0.832116788321168,0.738396624472574,0.929310344827586,0.900937081659973,0.744101633393829,0.8525,0.881081081081081,0.926449787835926,0.675052410901468,0.910987482614743,0.719646799116998,0.927374301675978,0.77728776185226,0.847389558232932,0.624905087319666,0.797833935018051,0.832241153342071,0.859922178988327,0.91220556745182,0.8898847631242,0.832349468713105,0.580570547417116,0.810068649885583,0.759318423855165,0.612565445026178,0.890606420927467,0.941641337386018,0.850746268656716,0.588483146067416,0.870892018779343,0.790123456790123,0.897574123989218,0.808457711442786,0.958593918481777,0.769309989701339,0.844727694090382,0.810096153846154,0.744394618834081,0.725239616613419,0.691228070175439,0.797525309336333,0.961028192371476,0.856770833333333,0.677555321390938,0.757142857142857,0.904371584699454,0.697341513292434,0.871559633027523,0.524663677130045,0.650663942798774,0.767857142857143,0.917469050894085,0.793952967525196,0.620066889632107,0.792325056433409,0.881868131868132,0.967470555243971,0.586805555555556,0.929655172413793,0.772675086107922,0.850306748466258,0.805970149253731,0.659653465346535,0.769406392694064,0.931526390870185,0.870246085011186,0.850467289719626,0.60106856634016,0.946107784431138,0.730464326160815,0.626016260162602,0.953488372093023,0.75462962962963,0.847047434656341,0.78596087456847,0.861892583120205,0.86848635235732
"310.B7",0.7,0.696113074204947,0.794085432639649,0.592505854800937,0.8,0,0.799352750809062,0.900151285930408,0.853899308983218,0.706422018348624,0.858170606372045,0.633333333333333,0.65,0.645756457564576,0.68452380952381,0.807909604519774,0.791666666666667,0.839766933721777,0.757322175732218,0.834080717488789,0.8046875,0.758893280632411,0.683229813664596,0.791044776119403,0.711340206185567,0.691428571428571,0.634453781512605,0.918604651162791,0.825454545454545,0.755555555555556,0.658536585365854,0.723880597014925,0.761702127659574,0.643153526970954,0.692307692307692,0.686635944700461,0.80327868852459,0.618390804597701,0.672727272727273,0.855621301775148,0.665738161559889,0.676975945017182,0.739130434782609,0.848484848484849,0.728155339805825,0.722666666666667,0.827878787878788,0.706467661691542,0.63169164882227,0.808712121212121,0.821138211382114,0.966838449473448,0.759036144578313,0.810924369747899,0.778947368421053,0.744,0.822222222222222,0.680722891566265,0.97406962785114,0.671342685370741,0.759590792838875,0.688888888888889,0.652380952380952,0.601713062098501,0.691616766467066,0.721822541966427,0.974724264705882,0.75,0.731656184486373,0.657608695652174,0.792307692307692,0.798418972332016,0.663230240549828,0.796766743648961,0.617357001972387,0.632075471698113,0.811764705882353,0.667458432304038,0.829912023460411,0.782608695652174,0.7421875,0.963386727688787,0.767647058823529,0.926380368098159,0.62406015037594,0.760932944606414,0.614457831325301,0.858391608391608,0.683168316831683,0.807860262008734,0.767772511848341,0.75,0.831029185867896,0.920754716981132,0.605839416058394,0.828496042216359,0.851851851851852,0.627551020408163,0.761140819964349,0.622166246851385,0.729032258064516,0.70059880239521
"605.F1",0.67816091954023,0.806706114398422,0.831381733021077,0.744565217391304,0.854033290653009,0.799352750809062,0,0.885985748218527,0.840670859538784,0.649253731343284,0.888402625820569,0.750519750519751,0.674540682414698,0.650943396226415,0.667870036101083,0.749152542372881,0.679558011049724,0.905631659056317,0.7,0.846338535414166,0.715736040609137,0.789709172259508,0.718631178707224,0.738134206219313,0.646551724137931,0.676975945017182,0.707434052757794,0.866454689984102,0.583333333333333,0.768826619964974,0.717472118959108,0.684210526315789,0.727272727272727,0.735224586288416,0.702127659574468,0.674666666666667,0.708108108108108,0.776595744680851,0.648148148148148,0.852417302798982,0.766666666666667,0.646551724137931,0.616666666666667,0.806451612903226,0.736,0.607594936708861,0.825065274151436,0.650145772594752,0.774509803921569,0.873620862587763,0.793548387096774,0.964577656675749,0.604395604395604,0.854423292273236,0.694704049844237,0.700680272108844,0.66824644549763,0.67032967032967,0.963955187530443,0.709090909090909,0.674698795180723,0.661129568106312,0.728531855955679,0.696078431372549,0.816091954022989,0.687150837988827,0.967388772420219,0.670886075949367,0.76555023923445,0.650485436893204,0.651741293532338,0.749440715883669,0.75,0.863692688971499,0.723214285714286,0.736986301369863,0.63265306122449,0.69060773480663,0.858921161825726,0.661971830985915,0.624365482233503,0.952076677316294,0.84219001610306,0.865070729053319,0.717647058823529,0.556338028169014,0.6996336996337,0.863594470046083,0.652173913043478,0.752941176470588,0.757575757575758,0.636923076923077,0.780405405405405,0.881104033970276,0.664772727272727,0.828326180257511,0.808917197452229,0.687687687687688,0.776892430278884,0.733727810650888,0.665338645418327,0.701818181818182
"730.H5",0.891679748822606,0.796052631578947,0.67327262988752,0.859522085445329,0.727982162764771,0.900151285930408,0.885985748218527,0,0.650228774783935,0.895394223263076,0.728074727555786,0.829986613119143,0.888091822094692,0.913469387755102,0.894573643410853,0.931192660550459,0.953098827470687,0.720670391061452,0.946353730092205,0.668472372697725,0.950413223140496,0.797260273972603,0.890282131661442,0.822660098522167,0.927710843373494,0.909509202453988,0.818181818181818,0.929354445797808,0.920260374288039,0.814393939393939,0.934477379095164,0.937806873977087,0.951219512195122,0.832869080779944,0.935054121565362,0.824207492795389,0.951585976627713,0.906407487401008,0.913751017087063,0.672040022234575,0.905559786747906,0.905220883534137,0.915403032721469,0.926553672316384,0.931908155186065,0.890142964635064,0.668353007307476,0.877581120943953,0.891625615763547,0.701492537313433,0.930461073318216,0.944618792689681,0.903576982892691,0.690451206715635,0.911544227886057,0.858321870701513,0.939542483660131,0.903576982892691,0.950771635084978,0.870612525808672,0.882527881040892,0.872146118721461,0.852983988355167,0.845179451090781,0.810110974106042,0.845368344274252,0.954014323407463,0.9168,0.795946890286513,0.857791225416036,0.945634266886326,0.775342465753425,0.926104417670683,0.693406593406593,0.787816563997262,0.869375907111756,0.945409429280397,0.864727272727273,0.68133535660091,0.847953216374269,0.930578512396694,0.972626931567329,0.766217870257038,0.91304347826087,0.874353288987435,0.887432536622976,0.898911353032659,0.6930409914204,0.85419734904271,0.962806424344886,0.918604651162791,0.880418535127055,0.704672897196262,0.951482479784367,0.853479853479853,0.698598130841122,0.969230769230769,0.867756315007429,0.89042904290429,0.896373056994819,0.903481012658228,0.90527950310559
"830.G5",0.854922279792746,0.729149463253509,0.532734274711168,0.792910447761194,0.606734006734007,0.853899308983218,0.840670859538784,0.650228774783935,0,0.837448559670782,0.651421508034611,0.775527426160338,0.808294930875576,0.884279475982533,0.845056065239551,0.881881881881882,0.929943502824859,0.619425173439049,0.920814479638009,0.512036434612882,0.922308546059933,0.6750651607298,0.853154084798345,0.746007604562738,0.856837606837607,0.851256281407035,0.76092774308653,0.914478619654914,0.882608695652174,0.733333333333333,0.874614594039055,0.88170865279299,0.925,0.733806566104703,0.89237668161435,0.734939759036145,0.928008998875141,0.842592592592593,0.871739130434783,0.587919463087248,0.856573705179283,0.846153846153846,0.860169491525424,0.898825654923216,0.90356394129979,0.823529411764706,0.551020408163265,0.828080229226361,0.827338129496403,0.630805408583186,0.905325443786982,0.931480031323414,0.848515864892528,0.585472761427677,0.865365853658537,0.776419213973799,0.895081967213115,0.834186284544524,0.936382536382536,0.793706293706294,0.832046332046332,0.808955223880597,0.780281690140845,0.784172661870504,0.724295506473724,0.7984934086629,0.938763257954773,0.853347502656748,0.675579322638146,0.798617966436328,0.911602209944751,0.671589921807124,0.867521367521368,0.57511581733951,0.711805555555556,0.816651075771749,0.92,0.810506566604128,0.601918465227818,0.784702549575071,0.90677025527192,0.965235173824131,0.648301886792453,0.89279112754159,0.82183908045977,0.831983805668016,0.852610030706244,0.605366126327557,0.805529075309819,0.938215102974828,0.887535145267104,0.815354713313897,0.635802469135803,0.940425531914894,0.808712121212121,0.603706343549537,0.953542392566783,0.824493731918997,0.865671641791045,0.852207293666027,0.849214659685864,0.877425944841675
"510.3",0.648745519713262,0.775238095238095,0.837155963302752,0.616580310880829,0.812265331664581,0.706422018348624,0.649253731343284,0.895394223263076,0.837448559670782,0,0.862660944206009,0.695390781563126,0.684210526315789,0.617391304347826,0.674576271186441,0.769968051118211,0.708542713567839,0.887387387387387,0.696969696969697,0.828437132784959,0.767441860465116,0.772043010752688,0.622775800711744,0.75516693163752,0.656,0.644012944983819,0.696551724137931,0.904173106646059,0.726495726495726,0.735144312393888,0.651567944250871,0.674008810572687,0.690721649484536,0.705215419501134,0.669902912621359,0.623409669211196,0.753694581280788,0.725888324873096,0.666666666666667,0.823383084577114,0.679245283018868,0.616,0.604651162790698,0.800475059382423,0.701492537313433,0.640718562874252,0.808673469387755,0.645429362880886,0.713615023474178,0.862068965517241,0.792682926829268,0.969244685662596,0.642611683848797,0.833150384193194,0.663716814159292,0.651416122004357,0.737991266375546,0.608247422680412,0.968962172647915,0.7117903930131,0.668571428571429,0.61128526645768,0.646437994722955,0.63849765258216,0.770334928229665,0.664893617021277,0.970772442588727,0.631372549019608,0.697247706422018,0.571865443425077,0.698630136986301,0.737634408602151,0.656,0.825454545454545,0.665236051502146,0.671018276762402,0.728971962616822,0.631578947368421,0.830957230142566,0.662198391420912,0.637209302325581,0.960629921259842,0.77151799687011,0.908217716115261,0.625698324022346,0.662251655629139,0.642611683848797,0.86038077969175,0.669421487603306,0.74468085106383,0.769028871391076,0.679300291545189,0.780327868852459,0.905930470347648,0.632432432432432,0.804741980474198,0.794285714285714,0.62962962962963,0.788461538461538,0.724719101123595,0.58364312267658,0.747440273037543
"730.H6",0.876756756756757,0.735269000853971,0.645586297760211,0.833333333333333,0.648442906574395,0.858170606372045,0.888402625820569,0.728074727555786,0.651421508034611,0.862660944206009,0,0.795633187772926,0.869856459330144,0.897260273972603,0.883103081827843,0.912408759124088,0.936094674556213,0.591506572295248,0.917061611374408,0.583166332665331,0.934959349593496,0.740774077407741,0.877022653721683,0.818039215686274,0.899553571428571,0.886910994764398,0.820536540240518,0.939675174013921,0.915909090909091,0.812145748987854,0.907824222936763,0.894616265750286,0.94047619047619,0.782888684452622,0.92018779342723,0.776708373435996,0.941107184923439,0.878846153846154,0.897727272727273,0.595862068965517,0.87551867219917,0.870535714285714,0.898230088495575,0.932521087160262,0.925601750547046,0.869387755102041,0.648951048951049,0.868917576961271,0.865671641791045,0.488260084286574,0.921971252566735,0.954222573007103,0.893276414087513,0.646756583172768,0.882233502538071,0.824434389140271,0.92,0.876200640341515,0.961425576519916,0.835144927536232,0.873493975903614,0.854922279792746,0.806829268292683,0.822761194029851,0.747054202670856,0.839530332681018,0.960863425458947,0.886792452830189,0.717190388170055,0.821171634121274,0.935260115606936,0.701170117011701,0.908482142857143,0.649218218898708,0.773381294964029,0.84645286686103,0.913953488372093,0.844054580896686,0.653562653562654,0.856722276741904,0.921022067363531,0.96972860125261,0.735408560311284,0.938092229943146,0.864541832669323,0.871308016877637,0.867662753468517,0.640937678673528,0.849355797819623,0.952038369304556,0.902629016553067,0.878665318503539,0.651273885350318,0.961233480176211,0.84251968503937,0.614086573734409,0.965895249695493,0.857572718154463,0.888507718696398,0.894211576846307,0.881967213114754,0.906283280085197
"210.A6",0.719512195121951,0.634146341463415,0.697695852534562,0.549248747913189,0.707509881422925,0.633333333333333,0.750519750519751,0.829986613119143,0.775527426160338,0.695390781563126,0.795633187772926,0,0.627450980392157,0.733634311512415,0.716535433070866,0.806083650190114,0.854368932038835,0.78252427184466,0.829683698296837,0.776315789473684,0.831775700934579,0.722713864306785,0.696356275303644,0.717339667458432,0.784017278617711,0.704980842911877,0.641975308641975,0.865116279069767,0.852348993288591,0.71072319201995,0.716,0.786363636363636,0.847665847665848,0.574923547400612,0.799522673031026,0.623762376237624,0.846153846153846,0.637561779242175,0.700223713646532,0.736479842674533,0.68361581920904,0.719222462203024,0.75796178343949,0.826498422712934,0.808731808731809,0.6672760511883,0.751253761283852,0.742160278745645,0.618153364632238,0.714983713355049,0.807763401109057,0.946925566343042,0.781746031746032,0.738434163701068,0.742753623188406,0.68452380952381,0.796380090497738,0.670634920634921,0.956190915379294,0.633383010432191,0.730017761989343,0.68796992481203,0.591216216216216,0.568075117370892,0.611904761904762,0.68081494057725,0.960654288240495,0.747863247863248,0.707241910631741,0.644444444444444,0.819444444444444,0.707964601769911,0.784017278617711,0.720616570327553,0.584683357879234,0.590604026845638,0.822014051522248,0.612141652613828,0.765690376569038,0.73037542662116,0.775700934579439,0.947403910991234,0.652582159624413,0.900869565217391,0.590192644483363,0.732038834951456,0.674603174603175,0.785714285714286,0.6875,0.875311720698254,0.818181818181818,0.741007194244604,0.720534629404617,0.911680911680912,0.574614065180103,0.716129032258065,0.902061855670103,0.638297872340426,0.757162346521146,0.609841827768014,0.713692946058091,0.723320158102767
"515.2",0.688775510204082,0.661442006269592,0.736040609137056,0.56312625250501,0.756578947368421,0.65,0.674540682414698,0.888091822094692,0.808294930875576,0.684210526315789,0.869856459330144,0.627450980392157,0,0.690962099125364,0.720588235294118,0.7981220657277,0.775641025641026,0.815916955017301,0.813504823151125,0.809128630705394,0.835365853658537,0.775086505190311,0.715736040609137,0.722371967654987,0.730027548209366,0.654028436018957,0.635036496350365,0.894736842105263,0.786743515850144,0.706552706552707,0.695,0.776470588235294,0.811074918566775,0.563176895306859,0.755485893416928,0.675889328063241,0.80379746835443,0.605522682445759,0.677233429394813,0.818974918211559,0.624129930394432,0.707988980716253,0.703504043126685,0.850187265917603,0.748031496062992,0.633109619686801,0.79041248606466,0.670886075949367,0.573283858998145,0.75,0.873015873015873,0.956339581036384,0.712871287128713,0.794921875,0.721238938053097,0.702797202797203,0.771929824561403,0.663366336633663,0.961765400047203,0.621716287215412,0.727861771058315,0.643518518518518,0.66260162601626,0.50278293135436,0.678378378378378,0.640081799591002,0.96745027124774,0.690217391304348,0.741347905282332,0.595454545454545,0.789156626506024,0.771626297577855,0.724517906336088,0.782515991471215,0.623488773747841,0.516129032258065,0.792048929663609,0.643002028397566,0.819178082191781,0.65843621399177,0.719512195121951,0.960954446854664,0.686170212765957,0.908571428571429,0.592356687898089,0.701204819277108,0.628712871287129,0.837171052631579,0.659663865546218,0.833887043189369,0.781376518218624,0.675438596491228,0.795297372060857,0.916943521594684,0.544513457556936,0.802409638554217,0.861111111111111,0.564655172413793,0.766192733017378,0.556503198294243,0.649214659685864,0.748768472906404
"525.2",0.587443946188341,0.778251599147121,0.870098039215686,0.642424242424242,0.862718707940781,0.645756457564576,0.650943396226415,0.913469387755102,0.884279475982533,0.617391304347826,0.897260273972603,0.733634311512415,0.690962099125364,0,0.615062761506276,0.75875486381323,0.622377622377622,0.915360501567398,0.605633802816901,0.871698113207547,0.622641509433962,0.770171149144254,0.564444444444444,0.81151832460733,0.639175257731959,0.565217391304348,0.746701846965699,0.905245346869712,0.730337078651685,0.782363977485929,0.662337662337662,0.614035087719298,0.63768115942029,0.724675324675325,0.493333333333333,0.71513353115727,0.63265306122449,0.662721893491124,0.561797752808989,0.871657754010695,0.702290076335878,0.556701030927835,0.554455445544555,0.824657534246575,0.641509433962264,0.690647482014389,0.857142857142857,0.691803278688525,0.724324324324324,0.883211678832117,0.838235294117647,0.977553825011452,0.642553191489362,0.878362573099415,0.752650176678445,0.741935483870968,0.687861271676301,0.582978723404255,0.972959685349066,0.72636815920398,0.741496598639456,0.627376425855513,0.665634674922601,0.681081081081081,0.817863397548161,0.675,0.975088131609871,0.618090452261307,0.752631578947368,0.601476014760148,0.631901840490798,0.789731051344743,0.608247422680412,0.864759427828348,0.721951219512195,0.712538226299694,0.645569620253165,0.685185185185185,0.879049676025918,0.722397476340694,0.547169811320755,0.962108731466227,0.825042881646655,0.916004540295119,0.655629139072848,0.682926829268293,0.574468085106383,0.894937917860554,0.661237785016287,0.621212121212121,0.753846153846154,0.672473867595819,0.819494584837545,0.907621247113164,0.662420382165605,0.83661119515885,0.815126050420168,0.627118644067797,0.780172413793103,0.653333333333333,0.586854460093897,0.611814345991561
"815.F12",0.708333333333333,0.779026217228464,0.850170261066969,0.70126582278481,0.858910891089109,0.68452380952381,0.667870036101083,0.894573643410853,0.845056065239551,0.674576271186441,0.883103081827843,0.716535433070866,0.720588235294118,0.615062761506276,0,0.732919254658385,0.730769230769231,0.900074571215511,0.758454106280193,0.848837209302326,0.821428571428571,0.789029535864979,0.689655172413793,0.727272727272727,0.667953667953668,0.70440251572327,0.756756756756757,0.86890243902439,0.613168724279835,0.712374581939799,0.736486486486487,0.73728813559322,0.733990147783251,0.728888888888889,0.674418604651163,0.711442786069652,0.726415094339623,0.732009925558313,0.679012345679012,0.842558425584256,0.779816513761468,0.637065637065637,0.700374531835206,0.725581395348837,0.631768953068592,0.644314868804665,0.848675914249685,0.648648648648649,0.760919540229885,0.875,0.768545994065282,0.970661250282103,0.553333333333333,0.85,0.695402298850575,0.632478632478632,0.764705882352941,0.693333333333333,0.972417130413743,0.717344753747323,0.610027855153203,0.689024390243902,0.701030927835051,0.645977011494253,0.827044025157233,0.724675324675325,0.973148148148148,0.696969696969697,0.770786516853933,0.630952380952381,0.728070175438597,0.772151898734177,0.722007722007722,0.86810551558753,0.730526315789474,0.744897959183674,0.721973094170404,0.70694087403599,0.856710393541877,0.617801047120419,0.696428571428571,0.932759968725567,0.848765432098765,0.898520084566596,0.689373297002725,0.639871382636656,0.72,0.888489208633094,0.71505376344086,0.756345177664975,0.702564102564103,0.596590909090909,0.819063004846527,0.887550200803213,0.699208443271768,0.834710743801653,0.858695652173913,0.694444444444444,0.780718336483932,0.665753424657534,0.575539568345324,0.688741721854305
"810.H10",0.836601307189543,0.880434782608696,0.89321468298109,0.835351089588378,0.907990314769976,0.807909604519774,0.749152542372881,0.931192660550459,0.881881881881882,0.769968051118211,0.912408759124088,0.806083650190114,0.7981220657277,0.75875486381323,0.732919254658385,0,0.761061946902655,0.924944812362031,0.848888888888889,0.886104783599089,0.809917355371901,0.861788617886179,0.792207792207792,0.765243902439024,0.646209386281588,0.785714285714286,0.80952380952381,0.890207715133531,0.754789272030651,0.75,0.802547770700637,0.740157480314961,0.83710407239819,0.846153846153846,0.793991416309013,0.80952380952381,0.808695652173913,0.795724465558195,0.823754789272031,0.89410348977136,0.872463768115942,0.819494584837545,0.789473684210526,0.78125,0.84406779661017,0.700831024930748,0.896424167694205,0.762886597938144,0.832229580573951,0.907869481765835,0.763380281690141,0.975275342773657,0.729559748427673,0.884861407249467,0.579234972677596,0.687242798353909,0.7890625,0.773584905660377,0.971573114912069,0.785567010309278,0.740053050397878,0.728323699421965,0.807881773399015,0.770419426048565,0.850152905198777,0.786600496277916,0.97602581834947,0.773049645390071,0.861771058315335,0.768361581920904,0.723577235772358,0.857723577235772,0.819494584837545,0.894366197183099,0.809330628803245,0.814634146341463,0.759336099585062,0.72972972972973,0.879088206144698,0.72,0.801652892561983,0.956823438704703,0.894894894894895,0.91701244813278,0.761038961038961,0.732522796352584,0.786163522012579,0.913274336283186,0.815384615384615,0.841860465116279,0.808823529411765,0.718918918918919,0.861852433281005,0.906976744186046,0.81360201511335,0.879032258064516,0.871287128712871,0.804232804232804,0.824497257769653,0.660574412532637,0.77027027027027,0.825
"505.D10",0.760416666666667,0.885844748858447,0.921019108280255,0.79933110367893,0.924157303370786,0.791666666666667,0.679558011049724,0.953098827470687,0.929943502824859,0.708542713567839,0.936094674556213,0.854368932038835,0.775641025641026,0.622377622377622,0.730769230769231,0.761061946902655,0,0.955020080321285,0.603603603603604,0.924083769633508,0.71875,0.857142857142857,0.762886597938144,0.863468634686347,0.656441717791411,0.711711711711712,0.833333333333333,0.935714285714286,0.673469387755102,0.852589641434263,0.75,0.642857142857143,0.663551401869159,0.84180790960452,0.613445378151261,0.803921568627451,0.586206896551724,0.804560260586319,0.714285714285714,0.927475592747559,0.792207792207792,0.656441717791411,0.660818713450292,0.826347305389222,0.69060773480663,0.708502024291498,0.916786226685796,0.751824817518248,0.834808259587021,0.933189655172414,0.825726141078838,0.982929642445213,0.666666666666667,0.929611650485437,0.76984126984127,0.806451612903226,0.676056338028169,0.715686274509804,0.983651226158038,0.838274932614555,0.733840304182509,0.732758620689655,0.815068493150685,0.787610619469027,0.87037037037037,0.799307958477509,0.984848484848485,0.69047619047619,0.851002865329513,0.725,0.545454545454545,0.857142857142857,0.730061349693252,0.913279132791328,0.846965699208443,0.783783783783784,0.574803149606299,0.781569965870307,0.926256983240223,0.769230769230769,0.65625,0.967878275570583,0.909420289855073,0.943529411764706,0.793357933579336,0.665116279069767,0.754901960784314,0.940944881889764,0.797101449275362,0.603960396039604,0.789115646258503,0.734375,0.904397705544933,0.925373134328358,0.795053003533569,0.914285714285714,0.772727272727273,0.765151515151515,0.852193995381062,0.776951672862453,0.648351648351648,0.805825242718447
"630.G2",0.882264150943396,0.711012094207511,0.558915537017727,0.803072625698324,0.643360433604336,0.839766933721777,0.905631659056317,0.720670391061452,0.619425173439049,0.887387387387387,0.591506572295248,0.78252427184466,0.815916955017301,0.915360501567398,0.900074571215511,0.924944812362031,0.955020080321285,0,0.945337620578778,0.662625197680548,0.950832672482157,0.751158173395103,0.882441597588546,0.813731343283582,0.902777777777778,0.873062730627306,0.823092505064146,0.924394565859421,0.9390625,0.794495412844037,0.896474118529632,0.921445404556167,0.95,0.756556825823806,0.929712460063898,0.810979847116053,0.951961569255404,0.834722222222222,0.9,0.668108108108108,0.868035190615836,0.893518518518518,0.900306748466258,0.940013633265167,0.916286149162861,0.871014492753623,0.619672131147541,0.852167732764748,0.81929347826087,0.48471615720524,0.918486171761281,0.947695683979517,0.908750934928945,0.569749616760348,0.894584837545126,0.840531561461794,0.923137254901961,0.880329094988781,0.962862669245648,0.828457446808511,0.891117478510029,0.873992673992674,0.823157894736842,0.78804347826087,0.751344889420203,0.848101265822785,0.965652417397797,0.900076863950807,0.766531713900135,0.829570284049527,0.939920948616601,0.761747187293183,0.904320987654321,0.610903260288616,0.75,0.801259622113366,0.93968253968254,0.838709677419355,0.622287968441815,0.840732910500352,0.927042030134814,0.972366148531952,0.685459940652819,0.939485627836611,0.839031339031339,0.887240356083086,0.862378459237098,0.63890181479758,0.835344215755855,0.957860615883306,0.911702873160476,0.876169906407487,0.70048309178744,0.950488599348534,0.813559322033898,0.68689733408962,0.968877968877969,0.832498210450966,0.873563218390805,0.845934379457917,0.896577946768061,0.902912621359223
"405.C9",0.727748691099476,0.85812356979405,0.910714285714286,0.778523489932886,0.89592123769339,0.757322175732218,0.7,0.946353730092205,0.920814479638009,0.696969696969697,0.917061611374408,0.829683698296837,0.813504823151125,0.605633802816901,0.758454106280193,0.848888888888889,0.603603603603604,0.945337620578778,0,0.916120576671035,0.763779527559055,0.851458885941645,0.72020725388601,0.881700554528651,0.728395061728395,0.692307692307692,0.809798270893372,0.935599284436494,0.753424657534247,0.864271457085828,0.738693467336683,0.62589928057554,0.660377358490566,0.818696883852691,0.542372881355932,0.783606557377049,0.669565217391304,0.830065359477124,0.657534246575342,0.924581005586592,0.739130434782609,0.617283950617284,0.647058823529412,0.84984984984985,0.744444444444444,0.739837398373984,0.902298850574713,0.765567765567766,0.810650887573965,0.918015102481122,0.816666666666667,0.986155976003692,0.724137931034483,0.917375455650061,0.824701195219124,0.838274932614555,0.75886524822695,0.704433497536946,0.983151635282458,0.821621621621622,0.801526717557252,0.74025974025974,0.800687285223368,0.816568047337278,0.877551020408163,0.8125,0.982476912147762,0.688622754491018,0.82183908045977,0.715481171548117,0.694656488549618,0.835543766578249,0.679012345679012,0.902306648575305,0.825396825396825,0.816949152542373,0.650793650793651,0.821917808219178,0.921700223713647,0.810526315789474,0.669291338582677,0.972927241962775,0.887477313974592,0.941107184923439,0.762962962962963,0.691588785046729,0.74384236453202,0.927093596059113,0.781818181818182,0.64,0.78839590443686,0.756862745098039,0.89272030651341,0.915211970074813,0.787234042553192,0.898251192368839,0.770114942528736,0.756653992395437,0.861111111111111,0.783582089552239,0.712707182320442,0.75609756097561
"830.G6",0.838862559241706,0.695412844036697,0.578288100208768,0.789695057833859,0.582111436950147,0.834080717488789,0.846338535414166,0.668472372697725,0.512036434612882,0.828437132784959,0.583166332665331,0.776315789473684,0.809128630705394,0.871698113207547,0.848837209302326,0.886104783599089,0.924083769633508,0.662625197680548,0.916120576671035,0,0.915384615384615,0.679611650485437,0.843971631205674,0.775544388609715,0.862576687116564,0.846681922196796,0.754,0.920792079207921,0.869837296620776,0.745233968804159,0.870892018779343,0.871212121212121,0.920948616600791,0.747514910536779,0.896238651102464,0.722338204592902,0.9140625,0.847758081334724,0.874843554443054,0.506208911614317,0.832389580973952,0.830674846625767,0.861482381530984,0.904665314401623,0.894357743097239,0.81979977753059,0.543365455893254,0.825053995680346,0.824419778002018,0.587341772151899,0.908174692049272,0.922598756767596,0.850467289719626,0.589430894308943,0.869469026548673,0.78515625,0.896725440806045,0.836448598130841,0.927489869908296,0.786901270772238,0.831693989071038,0.800904977375566,0.766949152542373,0.771947527749748,0.696308724832215,0.793836344314559,0.931091058244463,0.839024390243902,0.628371628371628,0.771300448430493,0.910714285714286,0.681553398058252,0.867484662576687,0.538129496402878,0.695441319107662,0.824894514767933,0.89987163029525,0.801058201058201,0.573367808661926,0.788912579957356,0.884615384615385,0.965122615803815,0.674418604651163,0.910785619174434,0.815817984832069,0.829296424452134,0.83411214953271,0.565947242206235,0.803879310344828,0.938911022576361,0.862579281183932,0.81057268722467,0.606808510638298,0.939278937381404,0.786096256684492,0.52418096723869,0.956756756756757,0.803493449781659,0.850691244239631,0.858849077090119,0.84652278177458,0.864801864801865
"315.B12",0.826923076923077,0.872246696035242,0.912609238451935,0.815873015873016,0.917582417582418,0.8046875,0.715736040609137,0.950413223140496,0.922308546059933,0.767441860465116,0.934959349593496,0.831775700934579,0.835365853658537,0.622641509433962,0.821428571428571,0.809917355371901,0.71875,0.950832672482157,0.763779527559055,0.915384615384615,0,0.852791878172589,0.761904761904762,0.881720430107527,0.653631284916201,0.789915966386555,0.846153846153846,0.930555555555556,0.815950920245399,0.857142857142857,0.768518518518518,0.692307692307692,0.739837398373984,0.837837837837838,0.762962962962963,0.77639751552795,0.742424242424242,0.826625386996904,0.791411042944785,0.92087312414734,0.854251012145749,0.675977653631285,0.72192513368984,0.897142857142857,0.817258883248731,0.79467680608365,0.904628330995792,0.8,0.819718309859155,0.923728813559322,0.867704280155642,0.988968053321076,0.772727272727273,0.916666666666667,0.76865671641791,0.845360824742268,0.734177215189873,0.763636363636364,0.984702689365902,0.813953488372093,0.806451612903226,0.741935483870968,0.798701298701299,0.814084507042254,0.866906474820144,0.770491803278688,0.988207547169811,0.782608695652174,0.846575342465753,0.796875,0.716216216216216,0.873096446700508,0.776536312849162,0.907161803713528,0.827848101265823,0.826923076923077,0.734265734265734,0.792880258899676,0.916575192096597,0.794701986754967,0.777777777777778,0.974979149291076,0.894366197183099,0.942263279445728,0.81184668989547,0.722943722943723,0.8,0.932170542635659,0.821917808219178,0.760683760683761,0.832258064516129,0.779411764705882,0.899814471243043,0.909090909090909,0.79933110367893,0.891640866873065,0.826923076923077,0.842857142857143,0.884187082405345,0.817543859649123,0.818181818181818,0.774774774774775
